.Random.seed <-
c(403L, 10L, 1435031635L, 1630801666L, 1117690420L, -1802473545L, 
1913778093L, 360828100L, -1013710614L, -1181411499L, -1235646225L, 
1900134134L, -314750432L, 1635966947L, 2043221121L, -365698320L, 
-605935218L, -1094220039L, 1216337035L, 175799482L, 745035708L, 
-1188788993L, -1587787691L, 7977836L, 1088590786L, -98380771L, 
233342103L, -330968578L, 1964126648L, -590971493L, 859177977L, 
634678088L, -382867850L, 2100010929L, -593083933L, -593836366L, 
-1682195708L, 56035399L, -2068308195L, 1302791572L, -276575942L, 
-1665428091L, -285573537L, -7550746L, 1070779248L, -2072957805L, 
-1529562831L, -923885600L, -754441090L, 1992255241L, -836646597L, 
817786122L, 1100596460L, 308531567L, -630876507L, -1754511268L, 
1531592754L, -1605626067L, -1063291417L, -620304114L, 533499624L, 
-555482901L, -33554039L, 1392288024L, -1118497722L, -710271839L, 
-1673796813L, 1233808034L, -765124204L, 1006718999L, -162633715L, 
1682890020L, 1411361034L, 1687928949L, -1403089969L, 2016812246L, 
-1655640960L, -10374461L, -1500685215L, -620340016L, 1075637806L, 
1127215065L, 780472299L, 918775386L, 1598529564L, -561701601L, 
-1860330123L, 1931856908L, 63884770L, 400240317L, -485840585L, 
-1632965154L, -1312857320L, 1735928443L, 255412249L, 195756200L, 
-1393253802L, -46960943L, -947978621L, 207344914L, -726015836L, 
-586448793L, 585970109L, -1898702028L, 302182554L, 217683685L, 
1083375743L, -670565882L, -302111344L, -1278994381L, 912242641L, 
-299213440L, 1791619166L, -375791703L, 270771803L, 1177639530L, 
-181360884L, -1983033009L, -1984722427L, -1738295108L, -239554158L, 
-1164268915L, -378259257L, 1739042222L, 804821000L, 1694641163L, 
601106665L, 91719608L, -1551622042L, -186617599L, 600418195L, 
-2094065598L, 1306652660L, -817944073L, -1633264147L, 147451524L, 
362950826L, -79348203L, 1071407791L, 529258678L, 2147170016L, 
1024559651L, -298912447L, -1372657616L, 454464078L, -334326087L, 
-1925975349L, 1080574842L, -720629124L, 447399615L, -717664363L, 
-1344100436L, 2093872514L, -1728226467L, 689927767L, 501458238L, 
-394873480L, 317851227L, -871247431L, -1217498104L, -951816522L, 
-1536287247L, -276573149L, -1043280782L, -180203836L, 1733404807L, 
1044393053L, 1137095252L, 1650780282L, -1063261243L, 389971231L, 
275262630L, -848962000L, -825678637L, -1044002063L, -666109408L, 
879213758L, 1984506057L, -1183917445L, -659328950L, -1549016916L, 
-1814997073L, 877159269L, -1375528676L, -834789006L, -326786579L, 
-690960857L, -532126130L, -253048152L, 1450297515L, 1517760969L, 
1757289944L, -343634810L, -909315743L, 52335859L, 1539472226L, 
1872917972L, -591462185L, 1491432141L, 1024528996L, -1177900982L, 
-1827234379L, 1012900111L, -1281655274L, 101537984L, 392097411L, 
-313963871L, -270590832L, 24704878L, -321040103L, 785707435L, 
-72396902L, 736067420L, -730788257L, 952892981L, -776307252L, 
712514850L, -1896544387L, -674800521L, -2046213730L, -195970984L, 
-1773697605L, 2124409689L, 197409000L, -1284630250L, -2074908015L, 
750257987L, -1940319662L, -811584284L, 1572601650L, -1452553616L, 
1261310276L, 1232898008L, 1847432314L, -659985872L, -1754696004L, 
80578388L, -1326606782L, -1976477792L, -1119329092L, -1218817584L, 
1110045026L, 933023720L, -1058942004L, 2011821820L, 1876022258L, 
-1220219776L, 864102644L, 1217765512L, -1131589318L, -2124805296L, 
1253855340L, 1118497940L, 1859687762L, 1164401376L, 1200495820L, 
656245920L, 1424049538L, -1599179544L, -485333780L, -1791735748L, 
-68604814L, 892234864L, -1247129052L, -1408109000L, -2115272166L, 
-1956991792L, -1934741956L, 1647339668L, -232967038L, 1214600128L, 
441952572L, 694161040L, -1290210270L, 1785757704L, -556825460L, 
-481428452L, -1971777390L, -1100333952L, 893291540L, -87464152L, 
-439873478L, 1510807760L, 1120542828L, 676026036L, -1428931566L, 
2031023072L, 1838334924L, 1803430368L, -2096531422L, -1634005720L, 
-1774927604L, 114565692L, -397399822L, -269931280L, -371048636L, 
-2086806440L, -568967622L, -602752784L, 1087637180L, -1825668588L, 
-361560894L, -1326278048L, -1998290564L, 526703824L, -1514860510L, 
1043961000L, 36663692L, -1741467204L, 1393347634L, -438890688L, 
917064372L, 1734991176L, -1339025734L, -2025059568L, 36411628L, 
-237548460L, -457886958L, 247795104L, -1496700980L, -62227616L, 
660278466L, -1951862232L, -1909006932L, 302117692L, -1989492878L, 
-623874256L, -1966748636L, 540086840L, 143365850L, 96986000L, 
2030051580L, -204658284L, 2046946114L, 1239036416L, -1894747076L, 
241535568L, 1655657634L, 348591944L, 1278871052L, 1000408796L, 
1156538450L, -886316928L, -1306737836L, 1933128680L, -1288789254L, 
1384566608L, -1107226580L, 84488564L, -538101102L, -2125122976L, 
825592972L, -725435040L, 276398306L, -941872984L, -1450597684L, 
1391887868L, 991786930L, 1530593264L, 884800964L, 764647768L, 
-932393606L, -874173008L, 1767733692L, 980691540L, 1207909826L, 
-1726244064L, 2061777852L, -1627495344L, -403904542L, 1255697256L, 
1537357644L, 1460738812L, -593620238L, -2051505920L, -590896012L, 
-1513793016L, -1083108934L, 1342233040L, 1508160492L, 1627068308L, 
1593636050L, -708947872L, -752416436L, -389222624L, -1029279102L, 
1374974440L, -1750420500L, 1891139132L, -1866816910L, 445556592L, 
-1848147676L, -1992503752L, 1620065690L, -712878640L, 361361852L, 
1969613460L, 1439995522L, -422430272L, -1487438020L, 1778714256L, 
-2051927262L, 44002824L, 1581651724L, -249487460L, -1193818094L, 
406311808L, -2037170412L, 457611560L, 3360826L, 71247824L, -1268882836L, 
269571124L, -998515566L, 122963296L, -1526337204L, -34016800L, 
356190114L, -1535070296L, -694805364L, 2046008252L, 1926275186L, 
-1920904208L, 19927108L, 440669272L, 19290170L, -780709776L, 
-416093636L, 549264148L, 413806274L, 170745568L, 806900860L, 
-479534896L, -526945374L, 1779196456L, 312474892L, 1077521340L, 
380546354L, 804197568L, 687906356L, 5797576L, 2068475578L, 991283344L, 
938642156L, 1585623636L, -1002662254L, 198568736L, -104846388L, 
451577056L, 262703810L, -2010808280L, -1723169876L, 1757315772L, 
1269239282L, 1732652592L, -736172124L, -1082514003L, -310110633L, 
-1404115040L, 1110459646L, -1030613045L, -152690227L, 1715041530L, 
109041464L, 783205601L, -1628412013L, 974781364L, -1276473150L, 
-414464809L, 2028040481L, 1354995942L, 1975864804L, -927766251L, 
-1864146625L, -73945896L, 2051138806L, 1517739779L, -809789371L, 
-509921182L, 898510800L, -28379911L, 321027627L, -1551799908L, 
785217994L, -78988609L, -82211831L, 2026663198L, -1280094004L, 
763540637L, 915163431L, 649507664L, -1073254930L, 389651099L, 
-1101099779L, 1606128618L, 2110129288L, 1828223537L, 1703537827L, 
-923840348L, 1883947346L, 1233616039L, 205502705L, 1804169270L, 
-1681485612L, 1535501413L, -1454170513L, -834658136L, -1902105082L, 
653545267L, 107309973L, -1694408718L, 1977588800L, 984901033L, 
2135919643L, -1586214420L, 1220383226L, 1445754415L, -1933577671L, 
1754885198L, 964891804L, 1818510861L, -1328600457L, 1453693568L, 
-988016418L, 1590107051L, -919423827L, -1904531174L, -1058808360L, 
442803777L, -455181069L, 1204890388L, 459664034L, 127124407L, 
1547919233L, -118946426L, -380327996L, -1002960139L, -1957339297L, 
-2094317128L, 1427929238L, 1857601187L, -590323611L, -502737534L, 
-266672400L, 1883404953L, 540901003L, 305856380L, -371019350L, 
-887940641L, -648351895L, 1134614398L, 1587208044L, 900760509L, 
-602468217L, 490335344L, 361449230L, -1069753285L, 896070429L, 
-1868760630L, -370277656L, -2116925999L, 1637324739L, 188965060L, 
1136295794L, -884219321L, 2068537873L, -1074082922L, 1435459316L, 
-262573947L, -454756913L, 1227645128L, 1612474726L, 2134289299L, 
588231925L, 84788434L, 531780384L, 142969609L, -1520382917L, 
-742428276L, -2014410726L, -941017969L, -344491047L, 2069797998L, 
2018017276L, -977930899L, 1424518935L, -2141942048L, 1199549630L, 
1118677643L, -463994611L, -1305828038L, 1587012984L, -169234655L, 
-402561069L, -1920241932L, -879923326L, 1852339735L, 1976065249L, 
-1996625370L, 828082980L, 23094229L, -959188097L, 1637168664L, 
